k fold data:
    5 - 71.91343283582088
    10 - 72.11584158415842
    20 - 72.01960784313725
    50 - 71.51904761904761

best result:
[[9.5, 1.5, 0.5, 0.1, 1.5, 0.1], [1.1, 16.6, 0.0, 0.6, 1.1, 0.4], [0.7, 0.5, 9.1, 0.2, 0.4, 1.0], [0.3, 1.2, 0.4, 18.2, 0.5, 1.0], [1.3, 1.9, 0.6, 0.5, 8.3, 0.6], [0.5, 0.3, 1.7, 0.7, 0.7, 16.8]]
[82.17821782178217, 80.19801980198021, 81.1881188118812, 69.3069306930693, 83.0, 70.0, 67.0, 85.0, 81.0, 83.0]
78.18712871287129

attributes:
69.92871287128713
69.81980198019802
73.10891089108911
3
69.53564356435643
70.32475247524754
71.62178217821783
72.01386138613861
71.72277227722773
68.03663366336635
72.3118811881188
10
72.41782178217822
11
70.72475247524753
71.81881188118811
71.61980198019802
72.22376237623762
15
71.81782178217821
72.61287128712871
17
71.81980198019802
72.41980198019802
19
69.43069306930693
71.62178217821783
72.11386138613861
22
72.61683168316831
23
71.31782178217823
72.52277227722773
25
72.31386138613861
26
71.61881188118812
71.5168316831683
72.91287128712871
29
72.12277227722772
30
72.31782178217823
31
72.11683168316831
32
72.71584158415843
33
73.51386138613861
34
72.11683168316831
35
70.81980198019802
72.61287128712871
37
71.71980198019801
74.109900990099
39
73.0118811881188
40
72.61584158415842
41
72.11782178217821
42
72.02079207920792
72.11881188118812
44
72.91584158415841
45
